
Test2 <- c(1:50)

test3 <- Test2
